12
234
3653
12
636
56
254
13
25
7
24
548
13
43
23
1
7634
633
12
234
3653
12
636
56
254
13
25
7
24
548
13
43
23
1
7634
633
12
234
3653
12
636
56
254
13
25
7
24
548
13
43
23
1
7634
633
12
234
3653
12
636
56
254
13
25
7
24
548
13
43
23
1
7634
633
12
234
3653
12
636
56
254
13
25
7
24
548
13
43
23
1
7634
633
12
234
3653
12
636
56
254
13
25
7
24
548
13
43
23
1
7634
633
12
234
3653
12
636
56
254
13
25
7
24
548
13
43
23
1
7634
633
12
234
3653
12
636
56
254
13
25
7
24
548
13
43
23
1
7634
633
12
234
3653
12
636
56
254
13
25
7
24
548
13
43
23
1
7634
633
12
234
3653
12
636
56
254
13
25
7
24
548
13
43
23
1
7634
633
12
234
3653
12
636
56
254
13
25
7
24
548
13
43
23
1
7634
633
12
234
3653
12
636
56
254
13
25
7
24
548
13
43
23
1
7634
633

